2.128262350800000022e-02 -1.084098704240000002e-02 1.918906031350000024e-03 4.513031981419999986e-04 9.460020787340000462e-04 6.148178645010000075e-04 7.859297883510000301e-04 6.864478153180000397e-04 5.811811197500000139e-04 2.333927862319999874e-04 8.819823770620000176e-04 1.336823176070000110e-04 4.758146679779999750e-04 2.954098089299999740e-04 2.771949788999999889e-04 2.821221511569999962e-04 4.124426310439999925e-04 2.937091246840000118e-04 3.378027724559999915e-04 2.786722287839999822e-04 2.195688522750000136e-04 2.979140886069999729e-04 1.567286579540000066e-04 2.353262266539999877e-04 1.331212377599999899e-04 1.798315737209999952e-04 -2.566521487719999973e-05 -1.060615113380000045e-04 -1.695011341410000028e-07 1.373848821140000068e-04 1.681201822779999954e-04
-1.084098704240000002e-02 2.815552264579999908e-02 -2.217371818119999796e-03 1.702095760269999990e-03 7.486146602589999926e-05 3.220716126279999790e-04 3.803635885129999874e-04 2.738690118499999748e-04 4.241571287549999732e-04 4.875279143790000030e-04 2.663471741360000020e-04 3.034945028289999730e-04 4.063171636640000020e-04 4.687077276489999837e-04 4.479917529150000003e-04 3.987651023689999766e-04 4.649715312200000130e-04 4.037932371489999831e-04 4.559780307680000224e-04 4.683083693180000264e-04 4.171991948489999868e-04 4.443817925799999893e-04 3.512821563660000249e-04 3.995162855850000264e-04 8.397399254720000516e-05 1.676639337099999937e-04 -8.658769413799999824e-05 1.538245898940000103e-05 -2.109859055640000024e-06 7.634223104769999682e-05 2.430355157990000080e-04
1.918906031350000024e-03 -2.217371818119999796e-03 6.162082237789999646e-03 -1.593344523050000024e-03 1.463033360180000060e-03 4.191015672349999760e-04 7.150385817050000127e-04 5.805672299839999837e-04 6.646624860249999772e-04 4.658829637400000042e-04 6.138232419940000285e-04 2.686411902679999961e-04 5.708499879310000372e-04 3.761268268870000169e-04 4.059716691299999772e-04 3.528029707220000028e-04 4.560792104049999772e-04 3.401676683460000145e-04 4.125548288789999767e-04 3.552660927800000150e-04 3.177869414650000041e-04 3.418616829069999908e-04 2.428449339130000020e-04 2.890698470889999983e-04 1.194071785559999997e-04 1.524397573439999947e-04 -6.963087549490000179e-05 -3.311905015909999688e-05 -4.473100447840000065e-05 3.762005487690000323e-05 2.091125228889999883e-04
4.513031981419999986e-04 1.702095760269999990e-03 -1.593344523050000024e-03 5.235090430570000196e-03 -7.222523117200000146e-04 7.765703761959999972e-04 5.883032968519999939e-04 5.918450840770000509e-04 5.833864028639999463e-04 4.037019840960000185e-04 6.513049029249999696e-04 2.129682837499999890e-04 5.550676911550000026e-04 3.530496946130000130e-04 3.551363209580000145e-04 3.232904648380000175e-04 4.423391013330000231e-04 3.197104132200000062e-04 3.724386348569999790e-04 3.375320316990000125e-04 2.886296854829999972e-04 3.436877143399999848e-04 2.108867657569999917e-04 2.722285935519999861e-04 9.214515520599999524e-05 1.674887583829999874e-04 -4.851848431330000032e-05 -2.937482864919999846e-05 -2.111120453039999999e-05 5.075220355300000139e-05 2.295949084160000132e-04
9.460020787340000462e-04 7.486146602589999926e-05 1.463033360180000060e-03 -7.222523117200000146e-04 7.303521583830000288e-03 -5.086516034069999770e-04 1.026116968169999994e-03 5.143242599379999752e-04 5.963990134780000271e-04 3.152278784429999908e-04 6.211303851959999994e-04 2.477947523520000013e-04 4.937294485550000438e-04 3.206577971980000127e-04 3.757878994690000266e-04 2.909704656400000154e-04 3.833558545140000238e-04 2.866913327070000220e-04 3.509441414900000070e-04 3.000066788969999918e-04 2.695584710819999975e-04 3.132374675269999800e-04 1.980804272009999991e-04 2.515679593890000052e-04 9.987148961099999716e-05 1.260090712100000066e-04 1.867549520179999977e-05 4.638900603129999747e-05 1.372408453519999966e-05 1.039219063279999986e-05 2.037648227889999870e-04
6.148178645010000075e-04 3.220716126279999790e-04 4.191015672349999760e-04 7.765703761959999972e-04 -5.086516034069999770e-04 3.150025075489999975e-03 -2.498964090029999734e-04 8.000732748519999871e-04 4.314312035919999990e-04 3.589811113309999990e-04 4.144832624539999890e-04 1.730455251029999893e-04 5.143522496850000359e-04 2.318701443799999948e-04 2.486954238810000191e-04 2.218186049240000073e-04 2.930812748939999731e-04 1.876613358580000123e-04 2.455006062549999822e-04 1.980502322079999964e-04 1.750454950829999888e-04 2.319843896669999950e-04 1.262453969910000049e-04 2.102222853719999912e-04 1.036631939149999972e-04 1.701501533090000052e-04 5.192315883820000259e-05 6.612338402660000660e-05 -8.062681873529999212e-06 -5.172986116140000119e-05 3.080741807749999821e-04
7.859297883510000301e-04 3.803635885129999874e-04 7.150385817050000127e-04 5.883032968519999939e-04 1.026116968169999994e-03 -2.498964090029999734e-04 3.729333551559999970e-03 -8.836046476849999986e-05 7.305996523839999738e-04 3.219954453140000264e-04 5.925384552699999603e-04 1.886490276240000003e-04 5.466002426680000113e-04 3.166409989049999798e-04 3.428350603390000113e-04 2.908604206540000127e-04 3.898707897369999768e-04 2.678747428330000035e-04 3.411137890899999781e-04 2.856275816490000093e-04 2.527906457390000018e-04 3.019122558459999767e-04 1.892209464389999873e-04 2.425666850340000061e-04 1.223862502379999891e-04 1.596916222799999894e-04 3.523414776169999930e-05 7.235772616099999538e-05 3.026216910599999839e-05 2.848458157799999902e-05 2.552704253830000245e-04
6.864478153180000397e-04 2.738690118499999748e-04 5.805672299839999837e-04 5.918450840770000509e-04 5.143242599379999752e-04 8.000732748519999871e-04 -8.836046476849999986e-05 3.222145104020000123e-03 -1.431117959180000108e-04 5.687984992160000520e-04 4.214181976050000267e-04 2.039769879940000075e-04 4.917051883500000347e-04 2.572787076000000229e-04 2.800453777059999736e-04 2.407427090870000071e-04 3.013406806409999806e-04 2.216275716399999950e-04 2.755954148919999942e-04 2.277508908569999917e-04 2.101339626670000046e-04 2.490849705340000115e-04 1.481555468850000070e-04 2.203500782330000099e-04 1.238115593979999924e-04 1.608769695959999882e-04 4.385075476620000137e-05 6.915180319110000352e-05 2.704120008949999950e-05 7.785395386300000459e-06 2.538066840750000173e-04
5.811811197500000139e-04 4.241571287549999732e-04 6.646624860249999772e-04 5.833864028639999463e-04 5.963990134780000271e-04 4.314312035919999990e-04 7.305996523839999738e-04 -1.431117959180000108e-04 3.225735973900000116e-03 -5.083504582430000470e-04 7.740695604050000251e-04 1.562848245550000129e-04 5.020588303299999573e-04 2.736732978399999982e-04 3.235174725050000239e-04 2.760633525480000192e-04 3.702265079540000177e-04 2.601402717620000154e-04 3.165111046809999853e-04 2.732544171459999898e-04 2.312121648939999925e-04 2.735727632190000191e-04 1.718265288280000039e-04 2.263952498630000039e-04 1.116146798979999934e-04 1.540100408170000054e-04 -2.957206253969999958e-07 2.991072613309999861e-05 1.995804771399999856e-05 2.389355338569999906e-05 2.066076323739999892e-04
2.333927862319999874e-04 4.875279143790000030e-04 4.658829637400000042e-04 4.037019840960000185e-04 3.152278784429999908e-04 3.589811113309999990e-04 3.219954453140000264e-04 5.687984992160000520e-04 -5.083504582430000470e-04 5.646481448719999595e-03 -1.735576027800000108e-03 6.912367597829999905e-04 2.954546862950000038e-04 3.621850331129999748e-04 3.160167720639999898e-04 3.054957421730000061e-04 3.705233803060000060e-04 2.809935668280000081e-04 3.469890966039999945e-04 3.138361756939999931e-04 2.766624464920000039e-04 3.103914061799999840e-04 2.173465171990000063e-04 2.747408370390000041e-04 1.315509690129999939e-04 1.754637823530000079e-04 3.857861294029999892e-05 1.186109630069999941e-04 7.853082415809999658e-05 4.836252608259999773e-05 3.033582633870000270e-04
8.819823770620000176e-04 2.663471741360000020e-04 6.138232419940000285e-04 6.513049029249999696e-04 6.211303851959999994e-04 4.144832624539999890e-04 5.925384552699999603e-04 4.214181976050000267e-04 7.740695604050000251e-04 -1.735576027800000108e-03 8.630658921019999236e-03 -1.642713407769999913e-03 9.441027411470000489e-04 1.520091186330000039e-04 2.530890091729999947e-04 1.845422032570000128e-04 2.740394444010000046e-04 2.020764930329999867e-04 2.540171661910000257e-04 2.338901970469999989e-04 1.966555198029999935e-04 2.376609494589999991e-04 1.567921423290000117e-04 2.072275186510000094e-04 2.704311658600000098e-05 1.152565521189999966e-04 -3.293525239769999862e-05 7.173710293920000167e-06 -1.543559327739999959e-05 6.002055735309999593e-07 1.766671763260000056e-04
1.336823176070000110e-04 3.034945028289999730e-04 2.686411902679999961e-04 2.129682837499999890e-04 2.477947523520000013e-04 1.730455251029999893e-04 1.886490276240000003e-04 2.039769879940000075e-04 1.562848245550000129e-04 6.912367597829999905e-04 -1.642713407769999913e-03 3.855067396600000019e-03 -7.540746924149999879e-04 5.027557155550000387e-04 2.253970972159999905e-04 2.789578376519999880e-04 2.949608826799999823e-04 2.744254833639999920e-04 2.854497995599999797e-04 2.531904811929999765e-04 2.391077945970000002e-04 2.553085896590000020e-04 1.739281091760000062e-04 2.291122861509999878e-04 1.810730852170000071e-04 1.775960981400000042e-04 9.313581312810000372e-05 1.248470904150000100e-04 1.321070000310000108e-04 1.089786602420000011e-04 2.273953914040000046e-04
4.758146679779999750e-04 4.063171636640000020e-04 5.708499879310000372e-04 5.550676911550000026e-04 4.937294485550000438e-04 5.143522496850000359e-04 5.466002426680000113e-04 4.917051883500000347e-04 5.020588303299999573e-04 2.954546862950000038e-04 9.441027411470000489e-04 -7.540746924149999879e-04 4.340087157870000344e-03 -6.343357659569999517e-04 6.606478870819999707e-04 2.408367628089999894e-04 4.114926355420000050e-04 2.560669285300000105e-04 3.263855696570000108e-04 2.768900075439999979e-04 2.356628431740000022e-04 2.900907621230000262e-04 1.841341666319999963e-04 2.561982901799999992e-04 1.357945406690000032e-04 2.227023225359999934e-04 9.048536991029999419e-05 1.527265392100000019e-04 6.727591969789999929e-05 1.739449994090000158e-05 3.182633785649999843e-04
2.954098089299999740e-04 4.687077276489999837e-04 3.761268268870000169e-04 3.530496946130000130e-04 3.206577971980000127e-04 2.318701443799999948e-04 3.166409989049999798e-04 2.572787076000000229e-04 2.736732978399999982e-04 3.621850331129999748e-04 1.520091186330000039e-04 5.027557155550000387e-04 -6.343357659569999517e-04 2.986672688169999829e-03 -5.146032684949999750e-04 4.791721963910000191e-04 3.402225176260000017e-04 3.636588281399999825e-04 3.770146319649999764e-04 3.628429093239999887e-04 3.153053970620000234e-04 3.431695371440000083e-04 2.659682883540000187e-04 3.116685325409999843e-04 1.448232781470000128e-04 1.989737501259999919e-04 1.732615491289999892e-05 6.280960951499999650e-05 8.687257971469999538e-05 1.470092449520000099e-04 2.268636702830000018e-04
2.771949788999999889e-04 4.479917529150000003e-04 4.059716691299999772e-04 3.551363209580000145e-04 3.757878994690000266e-04 2.486954238810000191e-04 3.428350603390000113e-04 2.800453777059999736e-04 3.235174725050000239e-04 3.160167720639999898e-04 2.530890091729999947e-04 2.253970972159999905e-04 6.606478870819999707e-04 -5.146032684949999750e-04 3.592043932619999949e-03 -1.342155146399999965e-04 6.068215834459999647e-04 3.330607737339999789e-04 4.228989519980000194e-04 3.745128438590000059e-04 3.335860422610000117e-04 3.493464738370000177e-04 2.671748689370000043e-04 3.006309690120000078e-04 1.570903203560000032e-04 1.845919864019999925e-04 9.604827029360000473e-06 7.131473077170000414e-05 8.519439711509999751e-05 1.363220638020000062e-04 2.024291567600000098e-04
2.821221511569999962e-04 3.987651023689999766e-04 3.528029707220000028e-04 3.232904648380000175e-04 2.909704656400000154e-04 2.218186049240000073e-04 2.908604206540000127e-04 2.407427090870000071e-04 2.760633525480000192e-04 3.054957421730000061e-04 1.845422032570000128e-04 2.789578376519999880e-04 2.408367628089999894e-04 4.791721963910000191e-04 -1.342155146399999965e-04 1.401311490509999941e-03 2.290874790759999915e-05 4.312765134080000012e-04 3.431359564929999844e-04 3.497389773840000053e-04 3.026454651050000189e-04 3.220939887969999750e-04 2.455351099220000094e-04 2.843394269880000140e-04 1.713607102720000007e-04 1.869565689320000122e-04 7.017816988169999349e-05 7.009474313120000544e-05 9.366793465789999501e-05 1.428442446970000111e-04 2.020014866929999945e-04
4.124426310439999925e-04 4.649715312200000130e-04 4.560792104049999772e-04 4.423391013330000231e-04 3.833558545140000238e-04 2.930812748939999731e-04 3.898707897369999768e-04 3.013406806409999806e-04 3.702265079540000177e-04 3.705233803060000060e-04 2.740394444010000046e-04 2.949608826799999823e-04 4.114926355420000050e-04 3.402225176260000017e-04 6.068215834459999647e-04 2.290874790759999915e-05 1.491049753939999991e-03 1.417277156689999941e-04 5.068854130919999475e-04 3.869750172390000096e-04 3.569133637259999919e-04 3.943899683510000069e-04 2.789321747699999776e-04 3.066049002860000267e-04 1.889554618280000055e-04 2.122641754589999895e-04 7.997959894319999635e-05 7.128005254349999587e-05 1.069549756770000006e-04 1.454684340070000134e-04 2.407177969309999977e-04
2.937091246840000118e-04 4.037932371489999831e-04 3.401676683460000145e-04 3.197104132200000062e-04 2.866913327070000220e-04 1.876613358580000123e-04 2.678747428330000035e-04 2.216275716399999950e-04 2.601402717620000154e-04 2.809935668280000081e-04 2.020764930329999867e-04 2.744254833639999920e-04 2.560669285300000105e-04 3.636588281399999825e-04 3.330607737339999789e-04 4.312765134080000012e-04 1.417277156689999941e-04 1.203298215059999971e-03 2.002757778619999938e-04 4.354191451020000088e-04 3.312771438940000069e-04 3.796845162039999880e-04 2.813593547460000051e-04 3.116462409850000257e-04 1.848637855239999947e-04 2.092736129079999878e-04 4.921494355009999749e-05 5.125287968019999734e-05 1.101877266680000044e-04 1.975084298559999908e-04 1.818328778329999921e-04
3.378027724559999915e-04 4.559780307680000224e-04 4.125548288789999767e-04 3.724386348569999790e-04 3.509441414900000070e-04 2.455006062549999822e-04 3.411137890899999781e-04 2.755954148919999942e-04 3.165111046809999853e-04 3.469890966039999945e-04 2.540171661910000257e-04 2.854497995599999797e-04 3.263855696570000108e-04 3.770146319649999764e-04 4.228989519980000194e-04 3.431359564929999844e-04 5.068854130919999475e-04 2.002757778619999938e-04 1.032995960359999951e-03 2.582166759600000193e-04 4.089270635820000267e-04 3.989495701009999960e-04 3.059366962859999734e-04 3.302128351249999992e-04 1.978224606780000104e-04 2.235163800779999899e-04 7.867427818949999962e-05 7.931935757790000601e-05 1.138862811579999988e-04 1.746554038219999961e-04 2.255970696780000117e-04
2.786722287839999822e-04 4.683083693180000264e-04 3.552660927800000150e-04 3.375320316990000125e-04 3.000066788969999918e-04 1.980502322079999964e-04 2.856275816490000093e-04 2.277508908569999917e-04 2.732544171459999898e-04 3.138361756939999931e-04 2.338901970469999989e-04 2.531904811929999765e-04 2.768900075439999979e-04 3.628429093239999887e-04 3.745128438590000059e-04 3.497389773840000053e-04 3.869750172390000096e-04 4.354191451020000088e-04 2.582166759600000193e-04 1.086469606950000088e-03 2.324320269369999938e-04 4.534213301949999988e-04 2.981741159430000010e-04 3.285468731149999858e-04 1.203504030779999984e-04 1.894653855830000070e-04 -4.845561503899999735e-05 2.220206951130000090e-05 4.224861798099999719e-05 1.421242732250000080e-04 2.046183365580000004e-04
2.195688522750000136e-04 4.171991948489999868e-04 3.177869414650000041e-04 2.886296854829999972e-04 2.695584710819999975e-04 1.750454950829999888e-04 2.527906457390000018e-04 2.101339626670000046e-04 2.312121648939999925e-04 2.766624464920000039e-04 1.966555198029999935e-04 2.391077945970000002e-04 2.356628431740000022e-04 3.153053970620000234e-04 3.335860422610000117e-04 3.026454651050000189e-04 3.569133637259999919e-04 3.312771438940000069e-04 4.089270635820000267e-04 2.324320269369999938e-04 1.006144078980000106e-03 1.514182787480000030e-04 3.293604702659999736e-04 2.828345196470000004e-04 1.690662639260000026e-04 1.959054650960000046e-04 5.815879535670000336e-05 8.009263930019999570e-05 9.554353083120000379e-05 1.920317756869999886e-04 1.883428790389999902e-04
2.979140886069999729e-04 4.443817925799999893e-04 3.418616829069999908e-04 3.436877143399999848e-04 3.132374675269999800e-04 2.319843896669999950e-04 3.019122558459999767e-04 2.490849705340000115e-04 2.735727632190000191e-04 3.103914061799999840e-04 2.376609494589999991e-04 2.553085896590000020e-04 2.900907621230000262e-04 3.431695371440000083e-04 3.493464738370000177e-04 3.220939887969999750e-04 3.943899683510000069e-04 3.796845162039999880e-04 3.989495701009999960e-04 4.534213301949999988e-04 1.514182787480000030e-04 1.541517133929999964e-03 1.244219756479999920e-04 4.004161795630000039e-04 1.991433382900000037e-04 2.619418643040000248e-04 1.509363116580000050e-04 1.664765775800000050e-04 2.027020541379999895e-04 2.517010719660000076e-04 2.519014361109999734e-04
1.567286579540000066e-04 3.512821563660000249e-04 2.428449339130000020e-04 2.108867657569999917e-04 1.980804272009999991e-04 1.262453969910000049e-04 1.892209464389999873e-04 1.481555468850000070e-04 1.718265288280000039e-04 2.173465171990000063e-04 1.567921423290000117e-04 1.739281091760000062e-04 1.841341666319999963e-04 2.659682883540000187e-04 2.671748689370000043e-04 2.455351099220000094e-04 2.789321747699999776e-04 2.813593547460000051e-04 3.059366962859999734e-04 2.981741159430000010e-04 3.293604702659999736e-04 1.244219756479999920e-04 1.127332229939999970e-03 7.261461352689999905e-05 2.279428901260000017e-04 2.227576883679999935e-04 9.305847193609999735e-05 1.187412394969999979e-04 9.358302161039999461e-05 1.714764395459999894e-04 1.610063554749999908e-04
2.353262266539999877e-04 3.995162855850000264e-04 2.890698470889999983e-04 2.722285935519999861e-04 2.515679593890000052e-04 2.102222853719999912e-04 2.425666850340000061e-04 2.203500782330000099e-04 2.263952498630000039e-04 2.747408370390000041e-04 2.072275186510000094e-04 2.291122861509999878e-04 2.561982901799999992e-04 3.116685325409999843e-04 3.006309690120000078e-04 2.843394269880000140e-04 3.066049002860000267e-04 3.116462409850000257e-04 3.302128351249999992e-04 3.285468731149999858e-04 2.828345196470000004e-04 4.004161795630000039e-04 7.261461352689999905e-05 1.723964733010000059e-03 -1.058968941100000042e-04 4.063480645430000201e-04 -3.728862880020000160e-06 1.807252823480000033e-04 1.902403523680000074e-04 1.983666117820000099e-04 2.475891375149999745e-04
1.331212377599999899e-04 8.397399254720000516e-05 1.194071785559999997e-04 9.214515520599999524e-05 9.987148961099999716e-05 1.036631939149999972e-04 1.223862502379999891e-04 1.238115593979999924e-04 1.116146798979999934e-04 1.315509690129999939e-04 2.704311658600000098e-05 1.810730852170000071e-04 1.357945406690000032e-04 1.448232781470000128e-04 1.570903203560000032e-04 1.713607102720000007e-04 1.889554618280000055e-04 1.848637855239999947e-04 1.978224606780000104e-04 1.203504030779999984e-04 1.690662639260000026e-04 1.991433382900000037e-04 2.279428901260000017e-04 -1.058968941100000042e-04 1.550097400370000020e-03 1.443245847919999902e-04 9.462756810470000475e-04 5.027485078159999897e-04 6.479405468550000378e-04 4.378293135250000009e-04 2.156535471620000112e-04
1.798315737209999952e-04 1.676639337099999937e-04 1.524397573439999947e-04 1.674887583829999874e-04 1.260090712100000066e-04 1.701501533090000052e-04 1.596916222799999894e-04 1.608769695959999882e-04 1.540100408170000054e-04 1.754637823530000079e-04 1.152565521189999966e-04 1.775960981400000042e-04 2.227023225359999934e-04 1.989737501259999919e-04 1.845919864019999925e-04 1.869565689320000122e-04 2.122641754589999895e-04 2.092736129079999878e-04 2.235163800779999899e-04 1.894653855830000070e-04 1.959054650960000046e-04 2.619418643040000248e-04 2.227576883679999935e-04 4.063480645430000201e-04 1.443245847919999902e-04 1.292063468220000077e-03 1.872021229159999975e-04 5.243691413480000433e-04 3.939769466140000055e-04 3.878871214770000168e-04 2.843004058449999935e-04
-2.566521487719999973e-05 -8.658769413799999824e-05 -6.963087549490000179e-05 -4.851848431330000032e-05 1.867549520179999977e-05 5.192315883820000259e-05 3.523414776169999930e-05 4.385075476620000137e-05 -2.957206253969999958e-07 3.857861294029999892e-05 -3.293525239769999862e-05 9.313581312810000372e-05 9.048536991029999419e-05 1.732615491289999892e-05 9.604827029360000473e-06 7.017816988169999349e-05 7.997959894319999635e-05 4.921494355009999749e-05 7.867427818949999962e-05 -4.845561503899999735e-05 5.815879535670000336e-05 1.509363116580000050e-04 9.305847193609999735e-05 -3.728862880020000160e-06 9.462756810470000475e-04 1.872021229159999975e-04 3.941057766329999872e-03 5.870080727420000062e-04 1.657203928899999993e-03 6.418312990639999521e-04 3.465392938920000207e-04
-1.060615113380000045e-04 1.538245898940000103e-05 -3.311905015909999688e-05 -2.937482864919999846e-05 4.638900603129999747e-05 6.612338402660000660e-05 7.235772616099999538e-05 6.915180319110000352e-05 2.991072613309999861e-05 1.186109630069999941e-04 7.173710293920000167e-06 1.248470904150000100e-04 1.527265392100000019e-04 6.280960951499999650e-05 7.131473077170000414e-05 7.009474313120000544e-05 7.128005254349999587e-05 5.125287968019999734e-05 7.931935757790000601e-05 2.220206951130000090e-05 8.009263930019999570e-05 1.664765775800000050e-04 1.187412394969999979e-04 1.807252823480000033e-04 5.027485078159999897e-04 5.243691413480000433e-04 5.870080727420000062e-04 2.980224746470000029e-03 3.607204892389999818e-04 1.124644023259999993e-03 3.059193742879999902e-04
-1.695011341400000010e-07 -2.109859055650000095e-06 -4.473100447840000065e-05 -2.111120453039999999e-05 1.372408453519999966e-05 -8.062681873529999212e-06 3.026216910599999839e-05 2.704120008949999950e-05 1.995804771399999856e-05 7.853082415809999658e-05 -1.543559327739999959e-05 1.321070000310000108e-04 6.727591969789999929e-05 8.687257971469999538e-05 8.519439711509999751e-05 9.366793465789999501e-05 1.069549756770000006e-04 1.101877266680000044e-04 1.138862811579999988e-04 4.224861798099999719e-05 9.554353083120000379e-05 2.027020541379999895e-04 9.358302161039999461e-05 1.902403523680000074e-04 6.479405468550000378e-04 3.939769466140000055e-04 1.657203928899999993e-03 3.607204892389999818e-04 4.465929199239999925e-03 -1.891724012269999913e-03 7.136893481710000504e-04
1.373848821140000068e-04 7.634223104780000092e-05 3.762005487690000323e-05 5.075220355300000139e-05 1.039219063279999986e-05 -5.172986116140000119e-05 2.848458157799999902e-05 7.785395386300000459e-06 2.389355338569999906e-05 4.836252608259999773e-05 6.002055735300000369e-07 1.089786602420000011e-04 1.739449994090000158e-05 1.470092449520000099e-04 1.363220638020000062e-04 1.428442446970000111e-04 1.454684340070000134e-04 1.975084298559999908e-04 1.746554038219999961e-04 1.421242732250000080e-04 1.920317756869999886e-04 2.517010719660000076e-04 1.714764395459999894e-04 1.983666117820000099e-04 4.378293135250000009e-04 3.878871214770000168e-04 6.418312990639999521e-04 1.124644023259999993e-03 -1.891724012269999913e-03 2.390228427189999838e-02 -1.826203471230000101e-03
1.681201822779999954e-04 2.430355157990000080e-04 2.091125228889999883e-04 2.295949084160000132e-04 2.037648227889999870e-04 3.080741807749999821e-04 2.552704253830000245e-04 2.538066840750000173e-04 2.066076323739999892e-04 3.033582633870000270e-04 1.766671763260000056e-04 2.273953914040000046e-04 3.182633785649999843e-04 2.268636702830000018e-04 2.024291567600000098e-04 2.020014866929999945e-04 2.407177969309999977e-04 1.818328778329999921e-04 2.255970696780000117e-04 2.046183365580000004e-04 1.883428790389999902e-04 2.519014361109999734e-04 1.610063554749999908e-04 2.475891375149999745e-04 2.156535471620000112e-04 2.843004058449999935e-04 3.465392938920000207e-04 3.059193742879999902e-04 7.136893481710000504e-04 -1.826203471230000101e-03 1.916901882060000062e-02
